
# Render Pipeline Time Of Day Configuration
# Instead of editing this file, prefer to use the Time Of Day Editor
# Any formatting and comments will be lost

control_points:
    clouds:
        cloud_brightness: [[[0.4306358382,0.6125628736],[0.1406551060,0.4261838440],[0.8709055876,0.2256267409],[0.3198458574,0.6323119777],[0.7822736031,0.3844011142],[0.4643545279,0.9777158774]]]
    color_correction:
        camera_iso: [[[0.4322667613,0.3119777159],[0.8516377649,0.3091922006],[0.4759152216,0.5069637883],[0.5028901734,0.2785515320]]]
        camera_shutter: [[[0.4806508161,0.8323804796]]]
        camera_aperture: [[[0.4363939955,0.5221166649]]]
    env_probes:
        ambient_scale: [[[0.4344894027,0.9275766016]]]
        sky_ambient_scale: [[[0.4364161849,0.3814763231]]]
        sun_ambient_scale: [[[0.5000000000,0.0500000000],[0.4605009634,0.3286908078]]]
    scattering:
        sun_intensity: [[[0.5308285164,0.2544103993],[0.1541425819,0.1754874652],[0.4373795761,0.6378830084],[0.8111753372,0.0000000000]]]
        sun_color: [[[0.4336061850,0.7075208914],[0.0433100000,0.8999700000],[0.8635787716,0.9130000000],[0.1785000000,0.8973600000],[0.8176871291,0.6534108357],[0.2360800000,0.7712700000],[0.6583432177,0.8485126184],[0.1266806142,0.9648102053],[0.9558541267,0.9090909091],[0.5568400771,0.7353760446],[0.5260115607,1.0000000000]],[[0.4808640199,0.6274506128],[0.0572700000,0.6541600000],[0.2395000000,0.5976800000],[0.8200939114,0.5758303621],[0.6967400000,0.5483900000]],[[0.0862400000,0.4257800000],[0.5051939114,0.5314337047],[0.8330539114,0.4117358774],[0.4624277457,0.3899721448]]]
        sun_azimuth: [[[0.5886319846,0.4916434540],[0.4161849711,0.4986072423],[0.4431599230,0.5153203343]]]
        sun_altitude: [[[0.5443159922,0.1594707521],[0.1502890173,0.7493036212],[0.5626204239,0.3454038997],[0.4450867052,0.8718662952]]]
        extinction: [[[0.4354527939,0.8913649026],[0.1926782274,0.6350974930]]]
    volumetrics:
        fog_ramp_size: [[[0.5510597303,0.7409470752],[0.4816955684,0.1838440111]]]
        fog_color: [[[0.5827924660,0.6183844011],[0.7288858317,0.7809081924],[0.1996161228,0.4985337243],[0.6696215593,0.5832754719],[0.5183044316,0.6629526462],[0.4797687861,0.1086350975]],[[0.4922410956,0.5637316326],[0.8541266795,0.4985337243],[0.2168905950,0.4809384164],[0.3666026871,0.5571847507],[0.7803468209,0.6100278552],[0.5838150289,0.6880222841]],[[0.5250555661,0.9247910863],[0.8521777078,0.5862080232],[0.2168905950,0.5278592375],[0.3666026871,0.7008797654],[0.7620183506,0.4861173510],[0.5741811175,0.9972144846]]]
        fog_brightness: [[[0.6637912862,0.3537604457],[0.0000000000,0.0000000000],[1.0000000000,0.0000000000],[0.2708922740,0.3198196359],[0.1727447217,0.1026392962],[0.1401151631,0.0000000000],[0.8984426717,0.1352486133],[0.9232245681,0.0000000000],[0.7071290944,0.2228412257],[0.5491329479,0.3231197772],[0.4759152216,0.2869080780]]]
        fog_intensity: [[[0.5317919075,0.0083565460]]]
